{
 "cells": [
  {
   "cell_type": "markdown",
   "metadata": {},
   "source": [
    "## Cardiovascular Disease Prediction"
   ]
  },
  {
   "cell_type": "code",
   "execution_count": 2,
   "metadata": {},
   "outputs": [],
   "source": [
    "import numpy as np\n",
    "import pandas as pd\n",
    "import matplotlib.pyplot as plt"
   ]
  },
  {
   "cell_type": "markdown",
   "metadata": {},
   "source": [
    "### Import, clean and tidy data"
   ]
  },
  {
   "cell_type": "code",
   "execution_count": 8,
   "metadata": {},
   "outputs": [
    {
     "data": {
      "text/html": [
       "<div>\n",
       "<style scoped>\n",
       "    .dataframe tbody tr th:only-of-type {\n",
       "        vertical-align: middle;\n",
       "    }\n",
       "\n",
       "    .dataframe tbody tr th {\n",
       "        vertical-align: top;\n",
       "    }\n",
       "\n",
       "    .dataframe thead th {\n",
       "        text-align: right;\n",
       "    }\n",
       "</style>\n",
       "<table border=\"1\" class=\"dataframe\">\n",
       "  <thead>\n",
       "    <tr style=\"text-align: right;\">\n",
       "      <th></th>\n",
       "      <th>age</th>\n",
       "      <th>sex</th>\n",
       "      <th>c_pain</th>\n",
       "      <th>b_press</th>\n",
       "      <th>choles</th>\n",
       "      <th>b_sugar</th>\n",
       "      <th>ecg</th>\n",
       "      <th>h_rate</th>\n",
       "      <th>angina</th>\n",
       "      <th>s_dep</th>\n",
       "      <th>s_slope</th>\n",
       "      <th>b_vess</th>\n",
       "      <th>thal</th>\n",
       "      <th>diag</th>\n",
       "    </tr>\n",
       "  </thead>\n",
       "  <tbody>\n",
       "    <tr>\n",
       "      <th>0</th>\n",
       "      <td>63.0</td>\n",
       "      <td>1.0</td>\n",
       "      <td>1.0</td>\n",
       "      <td>145.0</td>\n",
       "      <td>233.0</td>\n",
       "      <td>1.0</td>\n",
       "      <td>2.0</td>\n",
       "      <td>150.0</td>\n",
       "      <td>0.0</td>\n",
       "      <td>2.3</td>\n",
       "      <td>3.0</td>\n",
       "      <td>0.0</td>\n",
       "      <td>6.0</td>\n",
       "      <td>0</td>\n",
       "    </tr>\n",
       "    <tr>\n",
       "      <th>1</th>\n",
       "      <td>67.0</td>\n",
       "      <td>1.0</td>\n",
       "      <td>4.0</td>\n",
       "      <td>160.0</td>\n",
       "      <td>286.0</td>\n",
       "      <td>0.0</td>\n",
       "      <td>2.0</td>\n",
       "      <td>108.0</td>\n",
       "      <td>1.0</td>\n",
       "      <td>1.5</td>\n",
       "      <td>2.0</td>\n",
       "      <td>3.0</td>\n",
       "      <td>3.0</td>\n",
       "      <td>2</td>\n",
       "    </tr>\n",
       "    <tr>\n",
       "      <th>2</th>\n",
       "      <td>67.0</td>\n",
       "      <td>1.0</td>\n",
       "      <td>4.0</td>\n",
       "      <td>120.0</td>\n",
       "      <td>229.0</td>\n",
       "      <td>0.0</td>\n",
       "      <td>2.0</td>\n",
       "      <td>129.0</td>\n",
       "      <td>1.0</td>\n",
       "      <td>2.6</td>\n",
       "      <td>2.0</td>\n",
       "      <td>2.0</td>\n",
       "      <td>7.0</td>\n",
       "      <td>1</td>\n",
       "    </tr>\n",
       "    <tr>\n",
       "      <th>3</th>\n",
       "      <td>37.0</td>\n",
       "      <td>1.0</td>\n",
       "      <td>3.0</td>\n",
       "      <td>130.0</td>\n",
       "      <td>250.0</td>\n",
       "      <td>0.0</td>\n",
       "      <td>0.0</td>\n",
       "      <td>187.0</td>\n",
       "      <td>0.0</td>\n",
       "      <td>3.5</td>\n",
       "      <td>3.0</td>\n",
       "      <td>0.0</td>\n",
       "      <td>3.0</td>\n",
       "      <td>0</td>\n",
       "    </tr>\n",
       "    <tr>\n",
       "      <th>4</th>\n",
       "      <td>41.0</td>\n",
       "      <td>0.0</td>\n",
       "      <td>2.0</td>\n",
       "      <td>130.0</td>\n",
       "      <td>204.0</td>\n",
       "      <td>0.0</td>\n",
       "      <td>2.0</td>\n",
       "      <td>172.0</td>\n",
       "      <td>0.0</td>\n",
       "      <td>1.4</td>\n",
       "      <td>1.0</td>\n",
       "      <td>0.0</td>\n",
       "      <td>3.0</td>\n",
       "      <td>0</td>\n",
       "    </tr>\n",
       "    <tr>\n",
       "      <th>...</th>\n",
       "      <td>...</td>\n",
       "      <td>...</td>\n",
       "      <td>...</td>\n",
       "      <td>...</td>\n",
       "      <td>...</td>\n",
       "      <td>...</td>\n",
       "      <td>...</td>\n",
       "      <td>...</td>\n",
       "      <td>...</td>\n",
       "      <td>...</td>\n",
       "      <td>...</td>\n",
       "      <td>...</td>\n",
       "      <td>...</td>\n",
       "      <td>...</td>\n",
       "    </tr>\n",
       "    <tr>\n",
       "      <th>297</th>\n",
       "      <td>57.0</td>\n",
       "      <td>0.0</td>\n",
       "      <td>4.0</td>\n",
       "      <td>140.0</td>\n",
       "      <td>241.0</td>\n",
       "      <td>0.0</td>\n",
       "      <td>0.0</td>\n",
       "      <td>123.0</td>\n",
       "      <td>1.0</td>\n",
       "      <td>0.2</td>\n",
       "      <td>2.0</td>\n",
       "      <td>0.0</td>\n",
       "      <td>7.0</td>\n",
       "      <td>1</td>\n",
       "    </tr>\n",
       "    <tr>\n",
       "      <th>298</th>\n",
       "      <td>45.0</td>\n",
       "      <td>1.0</td>\n",
       "      <td>1.0</td>\n",
       "      <td>110.0</td>\n",
       "      <td>264.0</td>\n",
       "      <td>0.0</td>\n",
       "      <td>0.0</td>\n",
       "      <td>132.0</td>\n",
       "      <td>0.0</td>\n",
       "      <td>1.2</td>\n",
       "      <td>2.0</td>\n",
       "      <td>0.0</td>\n",
       "      <td>7.0</td>\n",
       "      <td>1</td>\n",
       "    </tr>\n",
       "    <tr>\n",
       "      <th>299</th>\n",
       "      <td>68.0</td>\n",
       "      <td>1.0</td>\n",
       "      <td>4.0</td>\n",
       "      <td>144.0</td>\n",
       "      <td>193.0</td>\n",
       "      <td>1.0</td>\n",
       "      <td>0.0</td>\n",
       "      <td>141.0</td>\n",
       "      <td>0.0</td>\n",
       "      <td>3.4</td>\n",
       "      <td>2.0</td>\n",
       "      <td>2.0</td>\n",
       "      <td>7.0</td>\n",
       "      <td>2</td>\n",
       "    </tr>\n",
       "    <tr>\n",
       "      <th>300</th>\n",
       "      <td>57.0</td>\n",
       "      <td>1.0</td>\n",
       "      <td>4.0</td>\n",
       "      <td>130.0</td>\n",
       "      <td>131.0</td>\n",
       "      <td>0.0</td>\n",
       "      <td>0.0</td>\n",
       "      <td>115.0</td>\n",
       "      <td>1.0</td>\n",
       "      <td>1.2</td>\n",
       "      <td>2.0</td>\n",
       "      <td>1.0</td>\n",
       "      <td>7.0</td>\n",
       "      <td>3</td>\n",
       "    </tr>\n",
       "    <tr>\n",
       "      <th>301</th>\n",
       "      <td>57.0</td>\n",
       "      <td>0.0</td>\n",
       "      <td>2.0</td>\n",
       "      <td>130.0</td>\n",
       "      <td>236.0</td>\n",
       "      <td>0.0</td>\n",
       "      <td>2.0</td>\n",
       "      <td>174.0</td>\n",
       "      <td>0.0</td>\n",
       "      <td>0.0</td>\n",
       "      <td>2.0</td>\n",
       "      <td>1.0</td>\n",
       "      <td>3.0</td>\n",
       "      <td>1</td>\n",
       "    </tr>\n",
       "  </tbody>\n",
       "</table>\n",
       "<p>297 rows × 14 columns</p>\n",
       "</div>"
      ],
      "text/plain": [
       "      age  sex  c_pain  b_press  choles  b_sugar  ecg  h_rate  angina  s_dep  \\\n",
       "0    63.0  1.0     1.0    145.0   233.0      1.0  2.0   150.0     0.0    2.3   \n",
       "1    67.0  1.0     4.0    160.0   286.0      0.0  2.0   108.0     1.0    1.5   \n",
       "2    67.0  1.0     4.0    120.0   229.0      0.0  2.0   129.0     1.0    2.6   \n",
       "3    37.0  1.0     3.0    130.0   250.0      0.0  0.0   187.0     0.0    3.5   \n",
       "4    41.0  0.0     2.0    130.0   204.0      0.0  2.0   172.0     0.0    1.4   \n",
       "..    ...  ...     ...      ...     ...      ...  ...     ...     ...    ...   \n",
       "297  57.0  0.0     4.0    140.0   241.0      0.0  0.0   123.0     1.0    0.2   \n",
       "298  45.0  1.0     1.0    110.0   264.0      0.0  0.0   132.0     0.0    1.2   \n",
       "299  68.0  1.0     4.0    144.0   193.0      1.0  0.0   141.0     0.0    3.4   \n",
       "300  57.0  1.0     4.0    130.0   131.0      0.0  0.0   115.0     1.0    1.2   \n",
       "301  57.0  0.0     2.0    130.0   236.0      0.0  2.0   174.0     0.0    0.0   \n",
       "\n",
       "     s_slope  b_vess  thal  diag  \n",
       "0        3.0     0.0   6.0     0  \n",
       "1        2.0     3.0   3.0     2  \n",
       "2        2.0     2.0   7.0     1  \n",
       "3        3.0     0.0   3.0     0  \n",
       "4        1.0     0.0   3.0     0  \n",
       "..       ...     ...   ...   ...  \n",
       "297      2.0     0.0   7.0     1  \n",
       "298      2.0     0.0   7.0     1  \n",
       "299      2.0     2.0   7.0     2  \n",
       "300      2.0     1.0   7.0     3  \n",
       "301      2.0     1.0   3.0     1  \n",
       "\n",
       "[297 rows x 14 columns]"
      ]
     },
     "execution_count": 8,
     "metadata": {},
     "output_type": "execute_result"
    }
   ],
   "source": [
    "patients = pd.read_csv(\n",
    "                       './data/processed.cleveland.data',\n",
    "                       header = None,\n",
    "                       names = [\n",
    "                                \"age\",\n",
    "                                \"sex\", # male (1),female (0)\n",
    "                                \"c_pain\", # chest pain \n",
    "                                              #   typical angina (1)\n",
    "                                              #   atypical angina (2)\n",
    "                                              #   non-anginal pain (3)\n",
    "                                              #   asymptomatic (4)\n",
    "                                \"b_press\", # resting blood pressure upon admission [mmHg]\n",
    "                                \"choles\", # serum cholesterol [mg/dl]\n",
    "                                \"b_sugar\", # fasting blood sugar\n",
    "                                           #   <= 120 mg/dl (0)\n",
    "                                           #   > 120 mg/dl (1)\n",
    "                                \"ecg\", # resting electrocardiograph results  \n",
    "                                       #   normal (0)\n",
    "                                       #   ST-T wave abnormality (1)\n",
    "                                       #   left ventricular hypertrophy (2)\n",
    "                                \"h_rate\", # maximum heart rate\n",
    "                                \"angina\", # exercise induced angina; true (1), false (0)    \n",
    "                                \"s_dep\", # ST depression induced by exercise relative to rest\n",
    "                                \"s_slope\", # peak exercise ST element slope; up (1), flat(2), down (3)\n",
    "                                \"b_vess\", # number of major vessels (0-3) colored by fluoroscope\n",
    "                                \"thal\", # normal (3), 6 = fixed defect (6), 7 = reversible defect (7)\n",
    "                                \"diag\" # diagnosis of heart disease (angiographic disease status)\n",
    "                                ],\n",
    "                        na_values = [\"?\"]\n",
    ")\n",
    "\n",
    "patients = patients.dropna()\n",
    "\n",
    "patients"
   ]
  },
  {
   "cell_type": "markdown",
   "metadata": {},
   "source": [
    "### Correlation matrix"
   ]
  },
  {
   "cell_type": "code",
   "execution_count": 9,
   "metadata": {},
   "outputs": [
    {
     "data": {
      "text/html": [
       "<div>\n",
       "<style scoped>\n",
       "    .dataframe tbody tr th:only-of-type {\n",
       "        vertical-align: middle;\n",
       "    }\n",
       "\n",
       "    .dataframe tbody tr th {\n",
       "        vertical-align: top;\n",
       "    }\n",
       "\n",
       "    .dataframe thead th {\n",
       "        text-align: right;\n",
       "    }\n",
       "</style>\n",
       "<table border=\"1\" class=\"dataframe\">\n",
       "  <thead>\n",
       "    <tr style=\"text-align: right;\">\n",
       "      <th></th>\n",
       "      <th>age</th>\n",
       "      <th>sex</th>\n",
       "      <th>c_pain</th>\n",
       "      <th>b_press</th>\n",
       "      <th>choles</th>\n",
       "      <th>b_sugar</th>\n",
       "      <th>ecg</th>\n",
       "      <th>h_rate</th>\n",
       "      <th>angina</th>\n",
       "      <th>s_dep</th>\n",
       "      <th>s_slope</th>\n",
       "      <th>b_vess</th>\n",
       "      <th>thal</th>\n",
       "      <th>diag</th>\n",
       "    </tr>\n",
       "  </thead>\n",
       "  <tbody>\n",
       "    <tr>\n",
       "      <th>age</th>\n",
       "      <td>1.000000</td>\n",
       "      <td>-0.092399</td>\n",
       "      <td>0.110471</td>\n",
       "      <td>0.290476</td>\n",
       "      <td>0.202644</td>\n",
       "      <td>0.132062</td>\n",
       "      <td>0.149917</td>\n",
       "      <td>-0.394563</td>\n",
       "      <td>0.096489</td>\n",
       "      <td>0.197123</td>\n",
       "      <td>0.159405</td>\n",
       "      <td>0.362210</td>\n",
       "      <td>0.126586</td>\n",
       "      <td>0.222156</td>\n",
       "    </tr>\n",
       "    <tr>\n",
       "      <th>sex</th>\n",
       "      <td>-0.092399</td>\n",
       "      <td>1.000000</td>\n",
       "      <td>0.008908</td>\n",
       "      <td>-0.066340</td>\n",
       "      <td>-0.198089</td>\n",
       "      <td>0.038850</td>\n",
       "      <td>0.033897</td>\n",
       "      <td>-0.060496</td>\n",
       "      <td>0.143581</td>\n",
       "      <td>0.106567</td>\n",
       "      <td>0.033345</td>\n",
       "      <td>0.091925</td>\n",
       "      <td>0.383652</td>\n",
       "      <td>0.226797</td>\n",
       "    </tr>\n",
       "    <tr>\n",
       "      <th>c_pain</th>\n",
       "      <td>0.110471</td>\n",
       "      <td>0.008908</td>\n",
       "      <td>1.000000</td>\n",
       "      <td>-0.036980</td>\n",
       "      <td>0.072088</td>\n",
       "      <td>-0.057663</td>\n",
       "      <td>0.063905</td>\n",
       "      <td>-0.339308</td>\n",
       "      <td>0.377525</td>\n",
       "      <td>0.203244</td>\n",
       "      <td>0.151079</td>\n",
       "      <td>0.235644</td>\n",
       "      <td>0.268500</td>\n",
       "      <td>0.404248</td>\n",
       "    </tr>\n",
       "    <tr>\n",
       "      <th>b_press</th>\n",
       "      <td>0.290476</td>\n",
       "      <td>-0.066340</td>\n",
       "      <td>-0.036980</td>\n",
       "      <td>1.000000</td>\n",
       "      <td>0.131536</td>\n",
       "      <td>0.180860</td>\n",
       "      <td>0.149242</td>\n",
       "      <td>-0.049108</td>\n",
       "      <td>0.066691</td>\n",
       "      <td>0.191243</td>\n",
       "      <td>0.121172</td>\n",
       "      <td>0.097954</td>\n",
       "      <td>0.138183</td>\n",
       "      <td>0.159620</td>\n",
       "    </tr>\n",
       "    <tr>\n",
       "      <th>choles</th>\n",
       "      <td>0.202644</td>\n",
       "      <td>-0.198089</td>\n",
       "      <td>0.072088</td>\n",
       "      <td>0.131536</td>\n",
       "      <td>1.000000</td>\n",
       "      <td>0.012708</td>\n",
       "      <td>0.165046</td>\n",
       "      <td>-0.000075</td>\n",
       "      <td>0.059339</td>\n",
       "      <td>0.038596</td>\n",
       "      <td>-0.009215</td>\n",
       "      <td>0.115945</td>\n",
       "      <td>0.010859</td>\n",
       "      <td>0.066448</td>\n",
       "    </tr>\n",
       "    <tr>\n",
       "      <th>b_sugar</th>\n",
       "      <td>0.132062</td>\n",
       "      <td>0.038850</td>\n",
       "      <td>-0.057663</td>\n",
       "      <td>0.180860</td>\n",
       "      <td>0.012708</td>\n",
       "      <td>1.000000</td>\n",
       "      <td>0.068831</td>\n",
       "      <td>-0.007842</td>\n",
       "      <td>-0.000893</td>\n",
       "      <td>0.008311</td>\n",
       "      <td>0.047819</td>\n",
       "      <td>0.152086</td>\n",
       "      <td>0.062209</td>\n",
       "      <td>0.049040</td>\n",
       "    </tr>\n",
       "    <tr>\n",
       "      <th>ecg</th>\n",
       "      <td>0.149917</td>\n",
       "      <td>0.033897</td>\n",
       "      <td>0.063905</td>\n",
       "      <td>0.149242</td>\n",
       "      <td>0.165046</td>\n",
       "      <td>0.068831</td>\n",
       "      <td>1.000000</td>\n",
       "      <td>-0.072290</td>\n",
       "      <td>0.081874</td>\n",
       "      <td>0.113726</td>\n",
       "      <td>0.135141</td>\n",
       "      <td>0.129021</td>\n",
       "      <td>0.018795</td>\n",
       "      <td>0.184136</td>\n",
       "    </tr>\n",
       "    <tr>\n",
       "      <th>h_rate</th>\n",
       "      <td>-0.394563</td>\n",
       "      <td>-0.060496</td>\n",
       "      <td>-0.339308</td>\n",
       "      <td>-0.049108</td>\n",
       "      <td>-0.000075</td>\n",
       "      <td>-0.007842</td>\n",
       "      <td>-0.072290</td>\n",
       "      <td>1.000000</td>\n",
       "      <td>-0.384368</td>\n",
       "      <td>-0.347640</td>\n",
       "      <td>-0.389307</td>\n",
       "      <td>-0.268727</td>\n",
       "      <td>-0.274831</td>\n",
       "      <td>-0.420639</td>\n",
       "    </tr>\n",
       "    <tr>\n",
       "      <th>angina</th>\n",
       "      <td>0.096489</td>\n",
       "      <td>0.143581</td>\n",
       "      <td>0.377525</td>\n",
       "      <td>0.066691</td>\n",
       "      <td>0.059339</td>\n",
       "      <td>-0.000893</td>\n",
       "      <td>0.081874</td>\n",
       "      <td>-0.384368</td>\n",
       "      <td>1.000000</td>\n",
       "      <td>0.289310</td>\n",
       "      <td>0.250572</td>\n",
       "      <td>0.148232</td>\n",
       "      <td>0.326927</td>\n",
       "      <td>0.391613</td>\n",
       "    </tr>\n",
       "    <tr>\n",
       "      <th>s_dep</th>\n",
       "      <td>0.197123</td>\n",
       "      <td>0.106567</td>\n",
       "      <td>0.203244</td>\n",
       "      <td>0.191243</td>\n",
       "      <td>0.038596</td>\n",
       "      <td>0.008311</td>\n",
       "      <td>0.113726</td>\n",
       "      <td>-0.347640</td>\n",
       "      <td>0.289310</td>\n",
       "      <td>1.000000</td>\n",
       "      <td>0.579037</td>\n",
       "      <td>0.294452</td>\n",
       "      <td>0.344976</td>\n",
       "      <td>0.501461</td>\n",
       "    </tr>\n",
       "    <tr>\n",
       "      <th>s_slope</th>\n",
       "      <td>0.159405</td>\n",
       "      <td>0.033345</td>\n",
       "      <td>0.151079</td>\n",
       "      <td>0.121172</td>\n",
       "      <td>-0.009215</td>\n",
       "      <td>0.047819</td>\n",
       "      <td>0.135141</td>\n",
       "      <td>-0.389307</td>\n",
       "      <td>0.250572</td>\n",
       "      <td>0.579037</td>\n",
       "      <td>1.000000</td>\n",
       "      <td>0.109761</td>\n",
       "      <td>0.279688</td>\n",
       "      <td>0.374689</td>\n",
       "    </tr>\n",
       "    <tr>\n",
       "      <th>b_vess</th>\n",
       "      <td>0.362210</td>\n",
       "      <td>0.091925</td>\n",
       "      <td>0.235644</td>\n",
       "      <td>0.097954</td>\n",
       "      <td>0.115945</td>\n",
       "      <td>0.152086</td>\n",
       "      <td>0.129021</td>\n",
       "      <td>-0.268727</td>\n",
       "      <td>0.148232</td>\n",
       "      <td>0.294452</td>\n",
       "      <td>0.109761</td>\n",
       "      <td>1.000000</td>\n",
       "      <td>0.256382</td>\n",
       "      <td>0.521178</td>\n",
       "    </tr>\n",
       "    <tr>\n",
       "      <th>thal</th>\n",
       "      <td>0.126586</td>\n",
       "      <td>0.383652</td>\n",
       "      <td>0.268500</td>\n",
       "      <td>0.138183</td>\n",
       "      <td>0.010859</td>\n",
       "      <td>0.062209</td>\n",
       "      <td>0.018795</td>\n",
       "      <td>-0.274831</td>\n",
       "      <td>0.326927</td>\n",
       "      <td>0.344976</td>\n",
       "      <td>0.279688</td>\n",
       "      <td>0.256382</td>\n",
       "      <td>1.000000</td>\n",
       "      <td>0.513377</td>\n",
       "    </tr>\n",
       "    <tr>\n",
       "      <th>diag</th>\n",
       "      <td>0.222156</td>\n",
       "      <td>0.226797</td>\n",
       "      <td>0.404248</td>\n",
       "      <td>0.159620</td>\n",
       "      <td>0.066448</td>\n",
       "      <td>0.049040</td>\n",
       "      <td>0.184136</td>\n",
       "      <td>-0.420639</td>\n",
       "      <td>0.391613</td>\n",
       "      <td>0.501461</td>\n",
       "      <td>0.374689</td>\n",
       "      <td>0.521178</td>\n",
       "      <td>0.513377</td>\n",
       "      <td>1.000000</td>\n",
       "    </tr>\n",
       "  </tbody>\n",
       "</table>\n",
       "</div>"
      ],
      "text/plain": [
       "              age       sex    c_pain   b_press    choles   b_sugar       ecg  \\\n",
       "age      1.000000 -0.092399  0.110471  0.290476  0.202644  0.132062  0.149917   \n",
       "sex     -0.092399  1.000000  0.008908 -0.066340 -0.198089  0.038850  0.033897   \n",
       "c_pain   0.110471  0.008908  1.000000 -0.036980  0.072088 -0.057663  0.063905   \n",
       "b_press  0.290476 -0.066340 -0.036980  1.000000  0.131536  0.180860  0.149242   \n",
       "choles   0.202644 -0.198089  0.072088  0.131536  1.000000  0.012708  0.165046   \n",
       "b_sugar  0.132062  0.038850 -0.057663  0.180860  0.012708  1.000000  0.068831   \n",
       "ecg      0.149917  0.033897  0.063905  0.149242  0.165046  0.068831  1.000000   \n",
       "h_rate  -0.394563 -0.060496 -0.339308 -0.049108 -0.000075 -0.007842 -0.072290   \n",
       "angina   0.096489  0.143581  0.377525  0.066691  0.059339 -0.000893  0.081874   \n",
       "s_dep    0.197123  0.106567  0.203244  0.191243  0.038596  0.008311  0.113726   \n",
       "s_slope  0.159405  0.033345  0.151079  0.121172 -0.009215  0.047819  0.135141   \n",
       "b_vess   0.362210  0.091925  0.235644  0.097954  0.115945  0.152086  0.129021   \n",
       "thal     0.126586  0.383652  0.268500  0.138183  0.010859  0.062209  0.018795   \n",
       "diag     0.222156  0.226797  0.404248  0.159620  0.066448  0.049040  0.184136   \n",
       "\n",
       "           h_rate    angina     s_dep   s_slope    b_vess      thal      diag  \n",
       "age     -0.394563  0.096489  0.197123  0.159405  0.362210  0.126586  0.222156  \n",
       "sex     -0.060496  0.143581  0.106567  0.033345  0.091925  0.383652  0.226797  \n",
       "c_pain  -0.339308  0.377525  0.203244  0.151079  0.235644  0.268500  0.404248  \n",
       "b_press -0.049108  0.066691  0.191243  0.121172  0.097954  0.138183  0.159620  \n",
       "choles  -0.000075  0.059339  0.038596 -0.009215  0.115945  0.010859  0.066448  \n",
       "b_sugar -0.007842 -0.000893  0.008311  0.047819  0.152086  0.062209  0.049040  \n",
       "ecg     -0.072290  0.081874  0.113726  0.135141  0.129021  0.018795  0.184136  \n",
       "h_rate   1.000000 -0.384368 -0.347640 -0.389307 -0.268727 -0.274831 -0.420639  \n",
       "angina  -0.384368  1.000000  0.289310  0.250572  0.148232  0.326927  0.391613  \n",
       "s_dep   -0.347640  0.289310  1.000000  0.579037  0.294452  0.344976  0.501461  \n",
       "s_slope -0.389307  0.250572  0.579037  1.000000  0.109761  0.279688  0.374689  \n",
       "b_vess  -0.268727  0.148232  0.294452  0.109761  1.000000  0.256382  0.521178  \n",
       "thal    -0.274831  0.326927  0.344976  0.279688  0.256382  1.000000  0.513377  \n",
       "diag    -0.420639  0.391613  0.501461  0.374689  0.521178  0.513377  1.000000  "
      ]
     },
     "execution_count": 9,
     "metadata": {},
     "output_type": "execute_result"
    }
   ],
   "source": [
    "patients.corr()"
   ]
  },
  {
   "cell_type": "code",
   "execution_count": 16,
   "metadata": {},
   "outputs": [
    {
     "data": {
      "text/plain": [
       "0.4612794612794613"
      ]
     },
     "execution_count": 16,
     "metadata": {},
     "output_type": "execute_result"
    }
   ],
   "source": [
    "(patients.diag != 0).mean()"
   ]
  },
  {
   "cell_type": "code",
   "execution_count": null,
   "metadata": {},
   "outputs": [],
   "source": []
  }
 ],
 "metadata": {
  "kernelspec": {
   "display_name": "Python 3",
   "language": "python",
   "name": "python3"
  },
  "language_info": {
   "codemirror_mode": {
    "name": "ipython",
    "version": 3
   },
   "file_extension": ".py",
   "mimetype": "text/x-python",
   "name": "python",
   "nbconvert_exporter": "python",
   "pygments_lexer": "ipython3",
   "version": "3.7.7"
  }
 },
 "nbformat": 4,
 "nbformat_minor": 4
}
